time_stamp	px_state	py_state	v_state	yaw_angle_state	yaw_rate_state	sensor_type	NIS	px_measured	py_measured	px_ground_truth	py_ground_truth	vx_ground_truth	vy_ground_truth
1477010443000000	0.312243	0.58034	0	0	0	lidar	0	0.312243	0.58034	0.6	0.6	5.19994	0
1477010443050000	0.735374	0.629505	7.20296	-3.17522e-17	-1.41792e-17	radar	74.6929	0.862916	0.534212	0.859997	0.600045	5.19975	0.00179686
1477010443100000	1.1605	0.494945	7.20603	-0.127198	-0.0118563	lidar	0.221036	1.17385	0.481073	1.11998	0.600225	5.19943	0.00538996
1477010443150000	1.25803	0.53308	7.19127	0.122742	0.0306353	radar	1.82492	0.969149	0.397513	1.37996	0.600629	5.19898	0.0107781
1477010443200000	1.6158	0.59536	7.20474	0.161551	0.0462396	lidar	0.16747	1.65063	0.62469	1.6399	0.601347	5.19839	0.0179597
1477010443250000	1.8511	0.561868	6.01134	0.025338	-0.233834	radar	7.70413	1.62331	0.499091	1.89982	0.60247	5.19766	0.0269323
1477010443300000	2.16299	0.591231	6.01095	0.0400381	-0.178032	lidar	0.25403	2.18882	0.648739	2.1597	0.604086	5.19678	0.0376932
1477010443350000	2.3789	0.637116	5.60879	0.0557384	-0.343083	radar	6.30488	1.96701	0.557117	2.41954	0.606284	5.19573	0.0502389
1477010443400000	2.65628	0.654179	5.60614	0.0444515	-0.321066	lidar	0.00856253	2.65526	0.66598	2.67932	0.609155	5.1945	0.0645654
1477010443450000	2.92275	0.647724	5.54098	-0.00348479	-0.475122	radar	0.428895	2.92034	0.645898	2.93904	0.612786	5.19309	0.080668
1477010443500000	3.15875	0.64327	5.49693	-0.0168853	-0.439956	lidar	1.20467	3.01222	0.637046	3.19869	0.617267	5.19147	0.0985415
1477010443550000	3.44424	0.539305	5.52887	-0.165199	-0.853364	radar	1.26709	3.56096	0.485311	3.45825	0.622685	5.18963	0.11818
1477010443600000	3.74733	0.427093	5.59433	-0.283724	-1.07362	lidar	2.07562	3.89365	0.311793	3.71772	0.62913	5.18754	0.139576
1477010443650000	4.02824	0.511154	5.55517	-0.147124	-0.551027	radar	4.16097	4.19786	0.698311	3.97708	0.636689	5.18519	0.162724
1477010443700000	4.30221	0.503042	5.53753	-0.140122	-0.467605	lidar	0.378522	4.30935	0.578564	4.23632	0.645449	5.18256	0.187614
1477010443750000	4.56314	0.53836	5.45896	-0.100505	-0.332443	radar	2.12376	4.61908	0.68951	4.49542	0.655498	5.17962	0.214238
1477010443800000	4.75348	0.644103	5.30184	-0.000670404	-0.0900053	lidar	13.0359	4.35143	0.899174	4.75437	0.666921	5.17634	0.242587
1477010443850000	5.00604	0.642308	5.23933	-0.00948603	-0.100472	radar	2.0215	5.20901	0.66599	5.01315	0.679804	5.1727	0.272649
1477010443900000	5.30654	0.640165	5.28724	-0.0149217	-0.101019	lidar	2.38186	5.51894	0.648233	5.27175	0.694234	5.16867	0.304413
1477010443950000	5.56431	0.64807	5.29973	-0.00872661	-0.0798779	radar	1.7089	5.22834	0.639362	5.53013	0.710295	5.16422	0.337868
1477010444000000	5.85741	0.665193	5.33106	0.000411912	-0.0578961	lidar	1.53875	6.022	0.708619	5.78828	0.728072	5.15932	0.372999
1477010444050000	6.10077	0.591114	5.27406	-0.053663	-0.142166	radar	3.77675	5.89392	0.373584	6.04618	0.747647	5.15393	0.409793
1477010444100000	6.35681	0.705389	5.24775	0.0220188	-0.0142212	lidar	4.04719	6.34249	0.948833	6.30379	0.769103	5.14803	0.448233
1477010444150000	6.60797	0.736356	5.21075	0.0362073	0.00731323	radar	0.733001	6.62134	0.836138	6.5611	0.792523	5.14157	0.488305
1477010444200000	6.85546	0.736006	5.19679	0.0309767	-0.000609699	lidar	0.310007	6.78214	0.714036	6.81808	0.817988	5.13452	0.52999
1477010444250000	7.10019	0.718554	5.12862	0.0148548	-0.0249167	radar	3.26596	7.29121	0.630741	7.07469	0.845578	5.12685	0.573269
1477010444300000	7.32145	0.803579	5.08295	0.0600286	0.0388015	lidar	3.39451	7.13735	0.957217	7.3309	0.875373	5.11851	0.618123
1477010444350000	7.61067	0.814895	5.16371	0.0595324	0.0360086	radar	4.05127	8.08349	0.819605	7.58668	0.907449	5.10946	0.664531
1477010444400000	7.86033	0.794517	5.15493	0.0423407	0.0111429	lidar	0.52587	7.80533	0.719126	7.84199	0.941886	5.09966	0.712469
1477010444450000	8.11127	0.811621	5.10919	0.0452158	0.0127998	radar	2.49734	8.40453	0.884557	8.0968	0.978759	5.08907	0.761915
1477010444500000	8.34885	0.830366	5.08857	0.0500732	0.0184087	lidar	0.536959	8.24796	0.840322	8.35106	1.01814	5.07766	0.812843
1477010444550000	8.61495	0.918026	5.15335	0.0899838	0.0697519	radar	6.92739	8.45858	1.41118	8.60472	1.06011	5.06537	0.865226
1477010444600000	8.85165	0.978236	5.13106	0.112556	0.0942015	lidar	0.920446	8.74615	1.04858	8.85775	1.10473	5.05216	0.919037
1477010444650000	9.13884	1.01709	5.18046	0.120391	0.097701	radar	6.6532	9.8809	1.1419	9.1101	1.15208	5.03798	0.974245
1477010444700000	9.37555	1.05128	5.15663	0.127346	0.10062	lidar	0.743511	9.25579	1.04913	9.36172	1.20223	5.0228	1.03082
1477010444750000	9.65278	1.12302	5.20109	0.150437	0.123091	radar	4.53417	10.1016	1.52474	9.61255	1.25524	5.00656	1.08873
1477010444800000	9.92355	1.25181	5.22805	0.199733	0.177232	lidar	3.21595	10.0484	1.44598	9.86254	1.31118	4.98922	1.14794
1477010444850000	10.1731	1.34315	5.18802	0.229197	0.205125	radar	4.6713	10.5377	1.72555	10.1117	1.37011	4.97074	1.20841
1477010444900000	10.3985	1.4258	5.16011	0.252086	0.221635	lidar	1.24884	10.2492	1.45907	10.3598	1.4321	4.95106	1.2701
1477010444950000	10.6321	1.51422	5.0942	0.278276	0.244643	radar	4.11085	10.9084	1.70343	10.6069	1.49721	4.93014	1.33298
1477010445000000	10.859	1.5463	5.06444	0.273134	0.223365	lidar	1.37594	10.7313	1.45265	10.853	1.56549	4.90794	1.39701
1477010445050000	11.1231	1.59823	5.09606	0.273259	0.208073	radar	1.84595	11.4783	1.42876	11.0979	1.637	4.8844	1.46213
1477010445100000	11.4011	1.64375	5.12858	0.268879	0.188728	lidar	1.8811	11.587	1.61462	11.3416	1.71179	4.85948	1.52832
1477010445150000	11.6333	1.70335	5.08967	0.276246	0.18777	radar	0.94762	11.4763	1.53917	11.584	1.78992	4.83313	1.59551
1477010445200000	11.8639	1.76797	5.07198	0.284247	0.186325	lidar	0.400562	11.7788	1.74591	11.8251	1.87144	4.80531	1.66366
1477010445250000	12.1177	1.85799	5.11557	0.299328	0.191438	radar	1.34257	12.136	2.14937	12.0647	1.95639	4.77598	1.73273
1477010445300000	12.3611	1.88584	5.09817	0.285983	0.162816	lidar	0.752779	12.3226	1.78353	12.3029	2.04482	4.74508	1.80265
1477010445350000	12.6158	1.94611	5.13191	0.285366	0.149613	radar	0.997715	12.5457	1.77728	12.5394	2.13677	4.71257	1.87338
1477010445400000	12.8158	2.08161	5.10199	0.327444	0.193454	lidar	3.31792	12.5924	2.17509	12.7743	2.23227	4.67842	1.94485
1477010445450000	13.0799	2.18732	5.17678	0.341742	0.19474	radar	3.59158	13.2198	2.6644	13.0075	2.33137	4.64258	2.01701
1477010445500000	13.2826	2.32922	5.15196	0.381732	0.232963	lidar	2.49777	13.0875	2.40708	13.2388	2.43409	4.605	2.08981
1477010445550000	13.4643	2.47934	5.06579	0.430278	0.28607	radar	10.7556	12.7087	3.12439	13.4682	2.54047	4.56565	2.16317
1477010445600000	13.713	2.59286	5.09112	0.44472	0.285796	lidar	0.833592	13.836	2.62479	13.6955	2.65053	4.52448	2.23703
1477010445650000	13.9327	2.70838	5.07496	0.463563	0.293073	radar	0.205554	13.8302	2.73893	13.9208	2.7643	4.48147	2.31134
1477010445700000	14.1605	2.86019	5.09632	0.49452	0.312848	lidar	0.547827	14.2106	2.94205	14.1439	2.88179	4.43656	2.38601
1477010445750000	14.4092	2.96723	5.1485	0.493722	0.285458	radar	1.59662	14.5568	2.87021	14.3646	3.00303	4.38974	2.46099
1477010445800000	14.6175	3.03938	5.10034	0.488245	0.262134	lidar	2.27483	14.4616	2.90734	14.583	3.12802	4.34097	2.5362
1477010445850000	14.8473	3.19062	5.14927	0.510111	0.267856	radar	3.85729	14.6754	3.96041	14.7989	3.25679	4.29021	2.61157
1477010445900000	15.0533	3.38228	5.17004	0.554869	0.306064	lidar	1.09913	15.0261	3.5067	15.0122	3.38932	4.23744	2.68703
1477010445950000	15.2641	3.54967	5.16489	0.587462	0.331096	radar	2.47269	15.3685	4.14761	15.2228	3.52563	4.18263	2.76249
1477010446000000	15.4767	3.73557	5.19172	0.621622	0.352089	lidar	0.658607	15.5236	3.82936	15.4306	3.66572	4.12575	2.83789
1477010446050000	15.6888	3.8701	5.18169	0.630956	0.342147	radar	0.979213	15.7234	3.4105	15.6355	3.80957	4.06678	2.91315
1477010446100000	15.9109	4.01192	5.18731	0.639737	0.331842	lidar	0.251438	15.9774	4.00094	15.8375	3.95719	4.00571	2.98817
1477010446150000	16.1064	4.17837	5.15535	0.669139	0.355951	radar	1.76512	16.3376	4.21632	16.0363	4.10854	3.94251	3.0629
1477010446200000	16.3039	4.37153	5.17724	0.700211	0.371574	lidar	0.372987	16.3313	4.44499	16.2319	4.26363	3.87716	3.13723
1477010446250000	16.5139	4.53503	5.1915	0.712311	0.361795	radar	0.666716	16.7586	4.48231	16.4242	4.42242	3.80966	3.21109
1477010446300000	16.6932	4.7031	5.17438	0.73288	0.36524	lidar	0.45797	16.6039	4.67344	16.613	4.5849	3.74	3.28438
1477010446350000	16.8452	4.90355	5.10881	0.78441	0.424791	radar	4.64294	16.9236	5.10119	16.7983	4.75103	3.66817	3.35704
1477010446400000	17.0101	5.12588	5.13198	0.824065	0.44645	lidar	0.49239	16.9955	5.21099	16.9799	4.92077	3.59416	3.42897
1477010446450000	17.1792	5.30101	5.10543	0.845159	0.450085	radar	1.80772	17.3421	4.64623	17.1579	5.09409	3.51797	3.50008
1477010446500000	17.3404	5.4804	5.08804	0.864539	0.446854	lidar	0.244838	17.2894	5.43542	17.3319	5.27094	3.4396	3.57028
1477010446550000	17.4952	5.65631	5.04864	0.887337	0.454884	radar	3.38051	17.6463	4.74597	17.5019	5.45128	3.35907	3.63949
1477010446600000	17.6918	5.77804	5.00562	0.873158	0.412071	lidar	2.11278	17.7853	5.62476	17.6679	5.63506	3.27637	3.70762
1477010446650000	17.8327	5.98136	4.97861	0.910142	0.442564	radar	1.19978	17.9216	6.07151	17.8297	5.82221	3.19151	3.77458
1477010446700000	18.0092	6.16638	4.98537	0.920154	0.427914	lidar	0.744778	18.1263	6.16985	17.9872	6.01269	3.10453	3.84027
1477010446750000	18.1569	6.37666	4.9947	0.945637	0.433103	radar	0.630585	18.1245	6.79027	18.1402	6.20641	3.01542	3.90462
1477010446800000	18.2794	6.6092	5.00997	0.982838	0.451184	lidar	0.422883	18.2164	6.66138	18.2888	6.40332	2.92421	3.96753
1477010446850000	18.4094	6.82616	5.00709	1.0123	0.462997	radar	0.238992	18.4022	7.02231	18.4328	6.60333	2.83093	4.0289
1477010446900000	18.5602	6.9632	4.93649	1.00596	0.430092	lidar	2.52153	18.5422	6.76013	18.572	6.80638	2.7356	4.08867
1477010446950000	18.7087	7.16986	4.95855	1.01485	0.407271	radar	0.594481	18.8089	7.24388	18.7064	7.01237	2.63825	4.14672
1477010447000000	18.9086	7.30585	4.91811	0.989995	0.355131	lidar	4.29198	19.1441	7.18344	18.8359	7.22122	2.53893	4.20299
1477010447050000	18.9939	7.51668	4.86537	1.03557	0.403497	radar	4.25791	18.5479	7.4012	18.9604	7.43283	2.43767	4.25737
1477010447100000	19.086	7.7723	4.89963	1.07839	0.429379	lidar	0.935426	19.0138	7.8688	19.0798	7.64712	2.3345	4.3098
1477010447150000	19.2058	7.98164	4.89805	1.09391	0.420204	radar	0.313895	19.3089	7.67375	19.1939	7.86397	2.22949	4.36017
1477010447200000	19.2861	8.19494	4.87524	1.12382	0.431092	lidar	1.46914	19.132	8.12845	19.3028	8.08329	2.12266	4.40842
1477010447250000	19.3844	8.40735	4.87275	1.1398	0.417825	radar	2.33256	19.0239	8.17194	19.4062	8.30497	2.01409	4.45445
1477010447300000	19.481	8.55701	4.7839	1.14377	0.40034	lidar	4.38701	19.347	8.30741	19.5042	8.5289	1.90381	4.49819
1477010447350000	19.5701	8.76961	4.76548	1.16884	0.411732	radar	0.642629	19.6843	8.35902	19.5966	8.75494	1.7919	4.53956
1477010447400000	19.7343	8.93985	4.73931	1.15108	0.368143	lidar	4.32695	20.0039	8.8906	19.6835	8.983	1.67841	4.57848
1477010447450000	19.8052	9.16528	4.72345	1.18756	0.399629	radar	1.03995	19.6061	9.48659	19.7645	9.21294	1.56341	4.61488
1477010447500000	19.9376	9.38421	4.74297	1.19007	0.379109	lidar	2.85049	20.1574	9.45949	19.8398	9.44463	1.44697	4.64869
1477010447550000	19.9799	9.61144	4.70871	1.2394	0.432054	radar	2.80263	19.6163	9.76606	19.9093	9.67795	1.32916	4.67984
1477010447600000	20.0689	9.84532	4.72808	1.25755	0.427686	lidar	0.615244	20.1573	9.90876	19.9728	9.91275	1.21005	4.70826
1477010447650000	20.1287	10.0931	4.75979	1.28311	0.425737	radar	7.01974	19.1911	11.5493	20.0303	10.1489	1.08972	4.73389
1477010447700000	20.1776	10.359	4.80164	1.31777	0.440013	lidar	0.731026	20.166	10.4687	20.0818	10.3863	0.968259	4.75666
1477010447750000	20.1919	10.5975	4.77984	1.36814	0.48733	radar	2.94962	19.6775	10.803	20.1271	10.6247	0.845742	4.77652
1477010447800000	20.2514	10.8645	4.82609	1.39244	0.486022	lidar	1.87753	20.371	11.0109	20.1663	10.864	0.722256	4.7934
1477010447850000	20.2806	11.1191	4.84936	1.42058	0.48542	radar	4.85538	19.4335	12.3402	20.1993	11.1041	0.597892	4.80727
1477010447900000	20.315	11.3564	4.84619	1.44397	0.484535	lidar	0.00401238	20.3164	11.3483	20.2261	11.3449	0.472738	4.81807
1477010447950000	20.2586	11.6076	4.81931	1.52499	0.580135	radar	10.6496	19.2063	12.2418	20.2466	11.5861	0.346889	4.82575
1477010448000000	20.331	11.8463	4.82613	1.52811	0.551159	lidar	4.77904	20.6141	11.9422	20.2608	11.8275	0.220439	4.83027
1477010448050000	20.3579	12.0801	4.83364	1.53062	0.499617	radar	3.73864	19.966	11.9688	20.2687	12.0692	0.093487	4.83159
1477010448100000	20.3457	12.3619	4.8865	1.56676	0.50998	lidar	1.08182	20.3263	12.4966	20.2701	12.3108	-0.0338694	4.82968
1477010448150000	20.2947	12.6018	4.86438	1.62761	0.573662	radar	3.19193	20.0192	12.4823	20.2652	12.5522	-0.161529	4.82451
1477010448200000	20.3198	12.8412	4.86032	1.63942	0.555357	lidar	1.85798	20.498	12.8924	20.254	12.7933	-0.28939	4.81605
1477010448250000	20.3066	13.0739	4.84588	1.66624	0.558277	radar	2.11043	20.9151	12.2555	20.2363	13.0339	-0.417348	4.80428
1477010448300000	20.2708	13.289	4.81198	1.69667	0.562278	lidar	1.07079	20.1943	13.1688	20.2122	13.2738	-0.545298	4.78918
1477010448350000	20.232	13.5243	4.81139	1.72253	0.553518	radar	1.30452	19.858	13.5236	20.1818	13.5129	-0.673135	4.77072
1477010448400000	20.2125	13.7804	4.83444	1.74277	0.544608	lidar	1.28116	20.3245	13.8896	20.1449	13.7509	-0.800753	4.74892
1477010448450000	20.1558	14.009	4.82158	1.78007	0.564352	radar	0.852567	20.3387	13.5307	20.1017	13.9878	-0.928043	4.72374
1477010448500000	20.1014	14.2618	4.84593	1.80861	0.56381	lidar	0.328665	20.1216	14.337	20.0521	14.2233	-1.0549	4.69521
1477010448550000	20.0294	14.491	4.84234	1.83996	0.565266	radar	1.38472	19.6717	14.4038	19.9962	14.4573	-1.18121	4.66331
1477010448600000	19.922	14.7424	4.87917	1.8828	0.579622	lidar	1.20012	19.781	14.773	19.934	14.6897	-1.30687	4.62805
1477010448650000	19.8554	14.9615	4.86233	1.89891	0.552536	radar	3.41421	20.1149	14.0165	19.8655	14.9202	-1.43177	4.58944
1477010448700000	19.8239	15.1814	4.83279	1.90838	0.534208	lidar	2.17709	20.0208	15.2053	19.7908	15.1486	-1.55581	4.54751
1477010448750000	19.69	15.3921	4.8206	1.98704	0.640617	radar	7.82685	20.0157	15.3443	19.7099	15.3749	-1.67887	4.50226
1477010448800000	19.6584	15.5845	4.75674	1.99557	0.617749	lidar	3.74561	19.9131	15.554	19.6229	15.5989	-1.80085	4.45372
1477010448850000	19.5636	15.7916	4.74385	2.02167	0.608262	radar	1.3873	19.9388	15.0864	19.5298	15.8203	-1.92164	4.40193
1477010448900000	19.4604	16.0038	4.74281	2.05083	0.606964	lidar	0.013166	19.4748	16.0098	19.4307	16.039	-2.04114	4.3469
1477010448950000	19.3587	16.2132	4.7391	2.06536	0.571558	radar	1.87019	19.1556	16.0022	19.3257	16.2549	-2.15925	4.28868
1477010449000000	19.2486	16.3916	4.7001	2.09542	0.574579	lidar	0.791253	19.238	16.2719	19.2148	16.4679	-2.27586	4.22731
1477010449050000	19.1297	16.5896	4.69456	2.12512	0.577539	radar	0.289167	19.4007	16.2962	19.0981	16.6777	-2.39087	4.16284
1477010449100000	19.0011	16.7971	4.70829	2.15339	0.576401	lidar	0.0954212	19.0029	16.8387	18.9757	16.8841	-2.50418	4.0953
1477010449150000	18.8438	16.9887	4.72204	2.21369	0.645122	radar	6.429	18.8373	17.7112	18.8477	17.0872	-2.61571	4.02476
1477010449200000	18.6736	17.2183	4.79171	2.24756	0.644314	lidar	1.74425	18.6148	17.3832	18.7142	17.2866	-2.72534	3.95127
1477010449250000	18.5709	17.4243	4.77445	2.22971	0.544273	radar	6.16807	18.8177	17.0316	18.5752	17.4822	-2.83299	3.87489
1477010449300000	18.3599	17.6124	4.82211	2.27662	0.563245	lidar	3.81696	18.1023	17.5529	18.4309	17.674	-2.93858	3.79568
1477010449350000	18.2236	17.8043	4.81371	2.27869	0.508794	radar	2.34344	18.2749	17.4877	18.2814	17.8617	-3.042	3.71372
1477010449400000	18.0918	17.9911	4.79954	2.29469	0.499402	lidar	0.904601	18.2094	18.0461	18.1268	18.0453	-3.14318	3.62906
1477010449450000	17.9154	18.1462	4.78805	2.33894	0.536296	radar	2.02548	18.3021	17.498	17.9671	18.2246	-3.24204	3.5418
1477010449500000	17.782	18.2916	4.73144	2.36057	0.532654	lidar	1.14278	17.9018	18.2183	17.8026	18.3994	-3.3385	3.45199
1477010449550000	17.6477	18.4739	4.71862	2.36725	0.503127	radar	6.66007	18.8558	18.1364	17.6334	18.5697	-3.43247	3.35973
1477010449600000	17.4558	18.6528	4.7549	2.39477	0.504517	lidar	0.445836	17.3845	18.7039	17.4595	18.7353	-3.5239	3.26509
1477010449650000	17.2742	18.7946	4.74258	2.43052	0.524078	radar	1.78948	17.7945	18.0801	17.281	18.8962	-3.61271	3.16817
1477010449700000	17.1119	18.9323	4.70964	2.45499	0.523194	lidar	0.362602	17.1762	18.8863	17.0983	19.0521	-3.69883	3.06904
1477010449750000	16.9446	19.1027	4.71609	2.46659	0.500829	radar	3.01812	16.9398	19.7311	16.9113	19.203	-3.78221	2.9678
1477010449800000	16.7284	19.2176	4.71569	2.50721	0.517176	lidar	2.71628	16.5734	19.052	16.7201	19.3488	-3.86278	2.86455
1477010449850000	16.5387	19.3703	4.73023	2.53135	0.519701	radar	3.22942	16.1674	20.2201	16.5251	19.4894	-3.9405	2.75938
1477010449900000	16.3169	19.5286	4.78125	2.55695	0.517837	lidar	0.851542	16.2338	19.6171	16.3262	19.6246	-4.01531	2.65237
1477010449950000	16.0934	19.6122	4.76604	2.60873	0.558098	radar	10.0915	16.4366	18.2742	16.1237	19.7545	-4.08716	2.54364
1477010450000000	15.8891	19.7552	4.78579	2.62898	0.549498	lidar	0.775034	15.9243	19.8703	15.9176	19.8789	-4.15602	2.43329
1477010450050000	15.6998	19.8807	4.7633	2.63312	0.500142	radar	3.19424	16.2328	19.2166	15.7082	19.9978	-4.22185	2.32141
1477010450100000	15.4719	20.0318	4.81586	2.65083	0.490888	lidar	1.37792	15.4332	20.1836	15.4956	20.111	-4.28461	2.2081
1477010450150000	15.2619	20.1727	4.8347	2.66187	0.470258	radar	5.68746	14.3677	21.3406	15.2799	20.2185	-4.34427	2.09347
1477010450200000	15.0722	20.3055	4.82474	2.67299	0.457604	lidar	1.82138	15.2016	20.4385	15.0613	20.3203	-4.4008	1.97763
1477010450250000	14.8422	20.3876	4.82421	2.71113	0.48193	radar	2.16126	14.7476	19.9571	14.84	20.4162	-4.4542	1.86068
1477010450300000	14.6265	20.507	4.83524	2.72766	0.473775	lidar	0.636561	14.6665	20.6088	14.6161	20.5063	-4.50443	1.74272
1477010450350000	14.391	20.5932	4.84998	2.76459	0.500957	radar	1.31781	13.841	21.0031	14.3897	20.5904	-4.55149	1.62386
1477010450400000	14.1447	20.6675	4.86499	2.7969	0.508143	lidar	0.754529	14.0521	20.5924	14.1611	20.6686	-4.59537	1.50421
1477010450450000	13.9086	20.7383	4.87207	2.83276	0.530087	radar	0.379265	13.8232	20.859	13.9304	20.7408	-4.63606	1.38386
1477010450500000	13.6361	20.8013	4.91509	2.8678	0.537843	lidar	1.82435	13.4686	20.7253	13.6977	20.807	-4.67357	1.26294
1477010450550000	13.3888	20.8316	4.92021	2.92191	0.590987	radar	2.35117	13.8263	20.4261	13.4632	20.8671	-4.70789	1.14153
1477010450600000	13.1416	20.8735	4.92345	2.95507	0.594657	lidar	0.164805	13.1072	20.8294	13.2271	20.9211	-4.73904	1.01975
1477010450650000	12.9102	20.9319	4.91701	2.97634	0.583436	radar	1.76465	13.2669	21.1579	12.9895	20.969	-4.76702	0.897694
1477010450700000	12.7064	20.9777	4.87179	2.99843	0.577581	lidar	1.84869	12.8729	21.0592	12.7506	21.0108	-4.79186	0.775469
1477010450750000	12.4552	21.0178	4.89054	3.02658	0.578714	radar	2.58883	11.5171	21.6724	12.5106	21.0465	-4.81358	0.653175
1477010450800000	12.2081	21.0553	4.90157	3.05117	0.573711	lidar	0.165099	12.2062	21.11	12.2695	21.0761	-4.83219	0.530912
1477010450850000	11.9697	21.075	4.89858	3.08237	0.582038	radar	0.934722	12.3859	21.1066	12.0276	21.0996	-4.84773	0.408778
1477010450900000	11.7252	21.0464	4.8832	3.12599	0.59805	lidar	1.86417	11.6814	20.8651	11.785	21.117	-4.86022	0.286869
1477010450950000	11.4783	21.0329	4.88255	3.16131	0.604205	radar	1.07181	11.5265	20.6748	11.5418	21.1283	-4.86971	0.165281
1477010451000000	11.2598	21.0273	4.84974	3.18971	0.603516	lidar	0.671611	11.363	21.0688	11.2982	21.1335	-4.87623	0.0441057
1477010451050000	11.0062	20.9886	4.85949	3.22924	0.613598	radar	4.12896	10.5558	20.5567	11.0544	21.1327	-4.87982	-0.076565
1477010451100000	10.7932	20.9511	4.81825	3.26457	0.62023	lidar	0.581551	10.8903	20.927	10.8105	21.1259	-4.88053	-0.196643
1477010451150000	10.5447	20.951	4.81276	3.26807	0.565871	radar	5.65518	9.30535	21.3896	10.5666	21.1131	-4.8784	-0.31604
1477010451200000	10.2674	20.9778	4.87516	3.27213	0.53701	lidar	3.40586	10.189	21.209	10.3229	21.0943	-4.87349	-0.434674
1477010451250000	10.0283	20.9596	4.87198	3.29084	0.525446	radar	1.01982	9.97958	21.2932	10.0795	21.0697	-4.86585	-0.552463
1477010451300000	9.83081	20.9213	4.81434	3.31842	0.528892	lidar	1.68641	9.99634	20.9797	9.83658	21.0391	-4.85554	-0.669327
1477010451350000	9.59463	20.914	4.79139	3.31502	0.472446	radar	2.3262	9.38223	21.111	9.59422	21.0028	-4.84262	-0.785189
1477010451400000	9.39892	20.8622	4.73763	3.34392	0.479864	lidar	1.12533	9.53921	20.8762	9.35258	20.9607	-4.82714	-0.899977
1477010451450000	9.1758	20.8213	4.72831	3.36572	0.479285	radar	1.49847	9.63392	20.9724	9.11177	20.9128	-4.80919	-1.01362
1477010451500000	8.88882	20.7886	4.80528	3.37671	0.463017	lidar	2.0852	8.70331	20.8221	8.87192	20.8594	-4.78881	-1.12605
1477010451550000	8.67246	20.7095	4.78738	3.41136	0.479413	radar	4.48169	9.84634	20.009	8.63315	20.8003	-4.76608	-1.2372
1477010451600000	8.40066	20.6249	4.8452	3.43863	0.481491	lidar	2.73643	8.22277	20.4839	8.39557	20.7358	-4.74108	-1.34701
1477010451650000	8.1721	20.5446	4.84797	3.46817	0.491676	radar	0.107561	8.29647	20.4978	8.1593	20.6657	-4.71387	-1.45542
1477010451700000	7.93107	20.4645	4.86478	3.49126	0.48961	lidar	0.124738	7.88599	20.45	7.92445	20.5903	-4.68453	-1.56237
1477010451750000	7.71501	20.3779	4.86522	3.5252	0.512771	radar	3.51249	8.29081	20.6565	7.69111	20.5096	-4.65313	-1.66781
1477010451800000	7.41238	20.3197	4.96263	3.52719	0.484263	lidar	3.54872	7.18029	20.392	7.45939	20.4237	-4.61975	-1.7717
1477010451850000	7.18161	20.2227	4.96231	3.54973	0.479549	radar	0.219046	7.09214	20.1196	7.22939	20.3326	-4.58448	-1.87399
1477010451900000	6.91856	20.1406	5.00603	3.56128	0.464774	lidar	0.770228	6.81542	20.1859	7.00119	20.2364	-4.54738	-1.97462
1477010451950000	6.69375	20.0487	4.99388	3.57732	0.452563	radar	0.457168	6.89359	20.1536	6.7749	20.1352	-4.50854	-2.07357
1477010452000000	6.44569	19.9581	5.01899	3.5899	0.440933	lidar	0.37959	6.38914	20.0137	6.55059	20.0292	-4.46805	-2.17079
1477010452050000	6.22891	19.8642	5.00412	3.6074	0.437043	radar	2.80972	6.67637	20.2142	6.32834	19.9183	-4.42598	-2.26625
1477010452100000	5.96685	19.7715	5.04831	3.61439	0.419712	lidar	0.896503	5.86119	19.8306	6.10823	19.8027	-4.38241	-2.35993
1477010452150000	5.74083	19.6248	5.08099	3.65496	0.455662	radar	2.04025	5.28178	19.5036	5.89034	19.6824	-4.33744	-2.45178
1477010452200000	5.55932	19.5026	5.03033	3.68307	0.462663	lidar	1.24458	5.69089	19.5755	5.67472	19.5577	-4.29114	-2.5418
1477010452250000	5.3585	19.353	5.02554	3.71702	0.478021	radar	1.73864	5.9506	18.9859	5.46145	19.4284	-4.24359	-2.62995
1477010452300000	5.14322	19.252	5.01695	3.72643	0.462237	lidar	1.90769	5.17021	19.4397	5.25059	19.2948	-4.19488	-2.71622
1477010452350000	4.94899	19.1403	4.96943	3.73482	0.434927	radar	4.6186	5.87397	19.301	5.04219	19.157	-4.1451	-2.80059
1477010452400000	4.78317	18.989	4.92696	3.7686	0.449424	lidar	0.7124	4.89149	18.982	4.8363	19.015	-4.09432	-2.88305
1477010452450000	4.5757	18.8389	4.9527	3.79476	0.460549	radar	1.47753	3.98679	19.0452	4.63297	18.8689	-4.04263	-2.96359
1477010452500000	4.39633	18.7069	4.92319	3.81451	0.45763	lidar	1.11405	4.4685	18.834	4.43224	18.7188	-3.99012	-3.0422
1477010452550000	4.21176	18.5652	4.8899	3.82737	0.435982	radar	1.37643	4.69245	18.4634	4.23416	18.5648	-3.93685	-3.11888
1477010452600000	4.0838	18.4088	4.81985	3.8643	0.455008	lidar	2.1271	4.26269	18.481	4.03876	18.4071	-3.88293	-3.19362
1477010452650000	3.90231	18.2359	4.87479	3.90554	0.499208	radar	7.13792	3.42434	18.8357	3.84606	18.2457	-3.82841	-3.26644
1477010452700000	3.65106	18.0954	4.944	3.89923	0.461493	lidar	2.62046	3.45919	18.167	3.65611	18.0807	-3.77339	-3.33732
1477010452750000	3.48588	17.9446	4.89246	3.91079	0.43662	radar	3.39673	4.3011	17.9267	3.46891	17.9122	-3.71795	-3.40627
1477010452800000	3.26211	17.778	4.94436	3.91628	0.416464	lidar	1.16658	3.12525	17.7493	3.28449	17.7402	-3.66215	-3.47331
1477010452850000	3.08466	17.5942	4.97975	3.94838	0.442737	radar	2.41817	2.65664	17.888	3.10287	17.565	-3.60609	-3.53844
1477010452900000	2.90388	17.4766	4.94543	3.94762	0.41746	lidar	6.11742	2.9449	17.8154	2.92405	17.3866	-3.54982	-3.60167
1477010452950000	2.76352	17.2599	4.97649	4.00067	0.472205	radar	3.20465	3.26647	17.0897	2.74805	17.2051	-3.49344	-3.66302
1477010453000000	2.58876	17.0746	4.98826	4.01824	0.465017	lidar	0.0833608	2.55407	17.0853	2.57486	17.0205	-3.437	-3.72251
1477010453050000	2.42358	16.9081	4.93915	4.02021	0.424602	radar	2.06526	2.55039	16.8884	2.4045	16.833	-3.38059	-3.78014
1477010453100000	2.25876	16.7357	4.93333	4.03284	0.414876	lidar	0.510571	2.25371	16.8334	2.23695	16.6427	-3.32428	-3.83595
1477010453150000	2.08449	16.5405	4.93354	4.03997	0.388213	radar	5.01235	1.57735	16.0489	2.07221	16.4497	-3.26812	-3.88995
1477010453200000	1.93072	16.3104	4.96548	4.06865	0.39812	lidar	2.27443	1.88972	16.1054	1.91027	16.254	-3.21219	-3.94216
1477010453250000	1.77241	16.1342	4.93285	4.07117	0.367911	radar	1.06989	1.74362	16.2687	1.75112	16.0557	-3.15656	-3.99261
1477010453300000	1.56819	15.9662	4.96231	4.06062	0.333807	lidar	1.75516	1.44745	16.0853	1.59474	15.8549	-3.10129	-4.04132
1477010453350000	1.44306	15.7352	4.99963	4.10444	0.379646	radar	2.06256	1.6097	15.5526	1.44111	15.6517	-3.04644	-4.08832
1477010453400000	1.27141	15.5181	5.03817	4.11513	0.369285	lidar	0.860966	1.18395	15.4284	1.29021	15.4463	-2.99207	-4.13364
1477010453450000	1.11516	15.3251	5.02965	4.12073	0.350486	radar	0.968227	0.828993	15.528	1.14201	15.2386	-2.93825	-4.1773
1477010453500000	0.905429	15.1083	5.10091	4.11386	0.320829	lidar	2.54721	0.722706	15.0075	0.996486	15.0288	-2.88503	-4.21933
1477010453550000	0.757239	14.9271	5.0534	4.11216	0.289047	radar	2.41144	1.03147	15.2134	0.853604	14.8169	-2.83246	-4.25977
1477010453600000	0.652484	14.7119	5.02658	4.14148	0.306657	lidar	0.461016	0.737301	14.7047	0.71333	14.603	-2.78061	-4.29864
1477010453650000	0.541842	14.4709	5.05802	4.17997	0.3445	radar	1.78817	0.722177	14.2445	0.575628	14.3872	-2.72952	-4.33598
1477010453700000	0.368743	14.2497	5.1009	4.18025	0.324153	lidar	0.932901	0.253435	14.2029	0.440459	14.1696	-2.67925	-4.37181
1477010453750000	0.251045	13.9983	5.16531	4.21964	0.369144	radar	3.25376	-0.0328023	13.9604	0.307779	13.9502	-2.62984	-4.40617
1477010453800000	0.23156	13.7487	5.10209	4.2812	0.420367	lidar	3.55669	0.459172	13.6856	0.177545	13.7292	-2.58135	-4.43909
1477010453850000	0.130442	13.5064	5.13502	4.31104	0.438997	radar	1.05975	0.0524412	13.6377	0.0497099	13.5065	-2.53381	-4.47061
1477010453900000	-0.0356429	13.2771	5.17992	4.3041	0.403795	lidar	1.54021	-0.190344	13.2856	-0.0757753	13.2823	-2.48728	-4.50075
1477010453950000	-0.153694	13.0582	5.14759	4.30755	0.375522	radar	1.0459	-0.275043	13.1456	-0.198962	13.0566	-2.44179	-4.52955
1477010454000000	-0.162844	12.8305	5.07267	4.36149	0.419309	lidar	3.26153	0.0462308	12.9301	-0.319903	12.8295	-2.39739	-4.55704
1477010454050000	-0.282244	12.605	5.04551	4.35834	0.37937	radar	3.5734	-0.684792	12.3563	-0.438654	12.6011	-2.35412	-4.58326
1477010454100000	-0.401319	12.3693	5.06654	4.36271	0.361277	lidar	0.365528	-0.476482	12.3633	-0.555273	12.3714	-2.31202	-4.60823
1477010454150000	-0.526663	12.1604	5.0387	4.35363	0.321884	radar	3.82705	-0.972122	12.5207	-0.669818	12.1404	-2.27111	-4.63198
1477010454200000	-0.60553	11.9401	5.0165	4.37045	0.323309	lidar	0.531423	-0.582624	12.0386	-0.78235	11.9083	-2.23144	-4.65456
1477010454250000	-0.732434	11.7123	5.02007	4.36255	0.28932	radar	2.80383	-1.26757	11.6495	-0.892931	11.6751	-2.19304	-4.67598
1477010454300000	-0.925939	11.47	5.09322	4.33034	0.231739	lidar	4.13373	-1.17212	11.3988	-1.00163	11.4409	-2.15594	-4.69628
1477010454350000	-1.03376	11.244	5.05416	4.32406	0.196322	radar	2.90098	-0.891441	10.959	-1.1085	11.2057	-2.12017	-4.71549
1477010454400000	-1.20896	11.0174	5.09578	4.29795	0.153093	lidar	2.19921	-1.39289	11.0424	-1.21362	10.9695	-2.08575	-4.73364
1477010454450000	-1.28736	10.7715	5.12228	4.32629	0.189898	radar	1.3433	-1.29894	10.9012	-1.31706	10.7324	-2.05273	-4.75075
1477010454500000	-1.41554	10.5185	5.16075	4.32416	0.175892	lidar	0.914573	-1.49687	10.4198	-1.41889	10.4945	-2.02111	-4.76686
1477010454550000	-1.50072	10.2567	5.20083	4.34803	0.203176	radar	1.50816	-1.59293	10.0212	-1.51917	10.2559	-1.99093	-4.78198
1477010454600000	-1.6004	10.0457	5.17011	4.35019	0.194229	lidar	1.9279	-1.61875	10.2374	-1.61797	10.0165	-1.96221	-4.79615
1477010454650000	-1.69023	9.81544	5.14752	4.35568	0.185325	radar	0.498493	-1.59702	9.96554	-1.71539	9.77637	-1.93498	-4.80939
1477010454700000	-1.76608	9.59423	5.11652	4.36762	0.188798	lidar	0.802965	-1.73381	9.71347	-1.81147	9.53564	-1.90924	-4.82172
1477010454750000	-1.87375	9.34322	5.16098	4.37475	0.194178	radar	2.56643	-2.27191	9.37316	-1.90631	9.29431	-1.88502	-4.83316
1477010454800000	-1.95385	9.05227	5.21222	4.39238	0.202831	lidar	4.14143	-1.93833	8.77028	-1.99998	9.05243	-1.86233	-4.84374
1477010454850000	-2.04162	8.82854	5.17056	4.39043	0.180002	radar	1.79066	-1.96565	9.13274	-2.09256	8.81003	-1.8412	-4.85347
1477010454900000	-2.13749	8.57677	5.18762	4.39383	0.173199	lidar	0.162014	-2.1768	8.5411	-2.18412	8.56717	-1.82164	-4.86238
1477010454950000	-2.26447	8.3238	5.22308	4.38282	0.148598	radar	2.86646	-2.65862	8.19477	-2.27474	8.32388	-1.80365	-4.87047
1477010455000000	-2.31292	8.08907	5.18647	4.40357	0.164688	lidar	0.760522	-2.21875	8.15339	-2.3645	8.0802	-1.78726	-4.87778
1477010455050000	-2.37863	7.87458	5.13351	4.4105	0.15985	radar	5.48591	-2.273	8.52315	-2.45348	7.83617	-1.77248	-4.8843
1477010455100000	-2.49107	7.62389	5.16352	4.40356	0.142007	lidar	0.695346	-2.59674	7.60288	-2.54177	7.59184	-1.75931	-4.89006
1477010455150000	-2.65484	7.38985	5.17249	4.36062	0.0645849	radar	5.65903	-3.08256	7.38874	-2.62944	7.34723	-1.74777	-4.89507
1477010455200000	-2.75832	7.1342	5.19731	4.35915	0.0588969	lidar	0.358301	-2.79865	7.064	-2.71658	7.10238	-1.73786	-4.89933
1477010455250000	-2.82019	6.89873	5.1813	4.37856	0.0869727	radar	1.65249	-2.79412	7.20818	-2.80326	6.85734	-1.72958	-4.90286
1477010455300000	-2.86458	6.6884	5.1137	4.39525	0.101349	lidar	2.5489	-2.74651	6.86867	-2.88957	6.61214	-1.72295	-4.90566
1477010455350000	-2.93262	6.46436	5.05823	4.39053	0.0719238	radar	4.14377	-2.57673	6.36755	-2.97559	6.36681	-1.71797	-4.90774
1477010455400000	-2.98765	6.22706	5.03857	4.40371	0.0829222	lidar	0.418747	-2.90217	6.22989	-3.0614	6.12139	-1.71464	-4.90911
1477010455450000	-3.10403	5.98056	5.07773	4.39425	0.0702057	radar	3.29608	-3.50172	6.10796	-3.14709	5.87592	-1.71297	-4.90976
1477010455500000	-3.18519	5.70778	5.11794	4.40025	0.0728558	lidar	1.63971	-3.1778	5.53101	-3.23274	5.63043	-1.71295	-4.9097
1477010455550000	-3.29468	5.46099	5.12407	4.37986	0.0275066	radar	2.22795	-3.19736	5.19093	-3.31843	5.38496	-1.71458	-4.90893
1477010455600000	-3.39029	5.20065	5.15528	4.37839	0.0242584	lidar	0.576642	-3.43031	5.10507	-3.40424	5.13955	-1.71787	-4.90745
1477010455650000	-3.45759	4.95449	5.15386	4.39187	0.0461233	radar	0.249575	-3.4281	4.94644	-3.49026	4.89422	-1.72281	-4.90525
1477010455700000	-3.5701	4.67873	5.21604	4.38551	0.0367693	lidar	2.17106	-3.69435	4.52196	-3.57657	4.64902	-1.72939	-4.90233
1477010455750000	-3.67937	4.42672	5.22672	4.36553	-0.00696669	radar	2.22338	-3.50501	4.17643	-3.66325	4.40398	-1.73763	-4.89868
1477010455800000	-3.8107	4.15783	5.28795	4.35222	-0.0204507	lidar	2.65725	-4.00238	4.04684	-3.75039	4.15913	-1.74749	-4.8943
1477010455850000	-3.89149	3.91666	5.27722	4.36306	0.00507447	radar	1.17892	-4.06447	4.10977	-3.83806	3.91452	-1.75899	-4.88918
1477010455900000	-3.96473	3.68254	5.24643	4.36756	0.00897558	lidar	0.633788	-3.88053	3.75177	-3.92635	3.67019	-1.77212	-4.8833
1477010455950000	-4.06776	3.47491	5.19838	4.3486	-0.0283771	radar	4.12871	-4.23729	3.88878	-4.01533	3.42616	-1.78686	-4.87666
1477010456000000	-4.15894	3.2302	5.20001	4.34792	-0.0275637	lidar	0.00902293	-4.15119	3.21968	-4.10509	3.18248	-1.8032	-4.86925
1477010456050000	-4.27413	2.97689	5.22826	4.33275	-0.0543214	radar	0.766719	-4.27467	2.88187	-4.19571	2.93919	-1.82113	-4.86104
1477010456100000	-4.36326	2.70439	5.26356	4.33681	-0.0460376	lidar	1.34061	-4.32451	2.55034	-4.28727	2.69633	-1.84065	-4.85202
1477010456150000	-4.45014	2.45461	5.26393	4.34227	-0.0313597	radar	0.196769	-4.38481	2.39989	-4.37985	2.45393	-1.86173	-4.84218
1477010456200000	-4.55406	2.19112	5.29636	4.34091	-0.0297678	lidar	0.690718	-4.61223	2.09192	-4.47352	2.21205	-1.88436	-4.83149
1477010456250000	-4.66443	1.95928	5.28691	4.31544	-0.0850393	radar	4.00129	-4.29257	1.92854	-4.56836	1.97072	-1.90853	-4.81994
1477010456300000	-4.77902	1.68798	5.33601	4.31242	-0.0812661	lidar	1.63975	-4.86829	1.53442	-4.66444	1.72998	-1.93422	-4.80751
1477010456350000	-4.90282	1.43978	5.35749	4.29491	-0.10862	radar	0.572073	-4.98165	1.43611	-4.76186	1.48989	-1.9614	-4.79417
1477010456400000	-4.96336	1.20324	5.31015	4.30194	-0.0980033	lidar	4.85872	-4.66779	1.28643	-4.86066	1.25049	-1.99007	-4.7799
1477010456450000	-5.05977	0.983727	5.26604	4.29923	-0.0913598	radar	1.0923	-4.98594	1.10894	-4.96095	1.01182	-2.02019	-4.76468
1477010456500000	-5.12174	0.749111	5.22547	4.30588	-0.0816211	lidar	3.96815	-4.85498	0.825661	-5.06277	0.77393	-2.05174	-4.74848
1477010456550000	-5.21448	0.458185	5.29722	4.31114	-0.0752362	radar	5.24914	-4.84736	0.18101	-5.16621	0.536876	-2.08471	-4.73127
1477010456600000	-5.28984	0.216488	5.27515	4.31508	-0.0679311	lidar	1.52379	-5.1231	0.257311	-5.27133	0.300706	-2.11906	-4.71303
1477010456650000	-5.404	0.0918042	5.11165	4.29186	-0.0830027	radar	9.86175	-5.99809	-0.290765	-5.3782	0.0654719	-2.15477	-4.69374
1477010456700000	-5.47409	-0.154258	5.10994	4.30095	-0.067781	lidar	1.8072	-5.29972	-0.212982	-5.4869	-0.168772	-2.1918	-4.67335
1477010456750000	-5.59448	-0.366437	5.08881	4.28277	-0.0929662	radar	2.09584	-5.64447	-0.144522	-5.59748	-0.401971	-2.23014	-4.65185
1477010456800000	-5.72998	-0.57511	5.06948	4.26347	-0.111639	lidar	1.70998	-5.85359	-0.445801	-5.71001	-0.634069	-2.26974	-4.62919
1477010456850000	-5.84512	-0.805345	5.09923	4.24279	-0.151824	radar	5.3703	-5.30947	-0.724468	-5.82456	-0.865006	-2.31058	-4.60536
1477010456900000	-5.93944	-1.06748	5.1449	4.25207	-0.128419	lidar	2.33934	-5.87835	-1.26863	-5.94118	-1.09472	-2.35262	-4.58032
1477010456950000	-6.02821	-1.33107	5.18592	4.26227	-0.107641	radar	3.63438	-5.68069	-1.52871	-6.05993	-1.32316	-2.39581	-4.55404
1477010457000000	-6.16541	-1.55026	5.17901	4.24552	-0.121933	lidar	0.724405	-6.27263	-1.50938	-6.18087	-1.55025	-2.44014	-4.52648
1477010457050000	-6.30929	-1.78657	5.24125	4.21484	-0.177954	radar	4.27296	-6.11355	-1.75966	-6.30406	-1.77593	-2.48555	-4.49762
1477010457100000	-6.41367	-2.04155	5.26637	4.22022	-0.158999	lidar	0.822446	-6.34007	-2.13685	-6.42954	-2.00014	-2.532	-4.46742
1477010457150000	-6.56478	-2.2502	5.24529	4.19882	-0.174304	radar	2.7956	-6.99344	-2.17445	-6.55738	-2.22281	-2.57946	-4.43585
1477010457200000	-6.71324	-2.46697	5.24123	4.18093	-0.185886	lidar	0.378668	-6.79288	-2.4458	-6.68761	-2.44386	-2.62788	-4.40288
1477010457250000	-6.86877	-2.68242	5.24686	4.15975	-0.20376	radar	1.08413	-7.14408	-2.67584	-6.82029	-2.66323	-2.6772	-4.36847
1477010457300000	-6.95965	-2.95565	5.28597	4.18003	-0.163955	lidar	2.73196	-6.8003	-3.10086	-6.95546	-2.88084	-2.7274	-4.3326
1477010457350000	-7.08761	-3.18337	5.27171	4.17792	-0.151049	radar	0.275365	-7.13937	-3.22028	-7.09316	-3.09663	-2.7784	-4.29523
1477010457400000	-7.21231	-3.38486	5.23383	4.16633	-0.157511	lidar	1.188	-7.12118	-3.26434	-7.23344	-3.3105	-2.83017	-4.25632
1477010457450000	-7.35711	-3.63403	5.27014	4.1641	-0.1483	radar	4.61397	-7.77186	-4.08999	-7.37632	-3.5224	-2.88265	-4.21586
1477010457500000	-7.5173	-3.77885	5.18537	4.12593	-0.189727	lidar	4.70927	-7.49009	-3.49081	-7.52184	-3.73223	-2.93579	-4.1738
1477010457550000	-7.66132	-3.98997	5.1872	4.11365	-0.195915	radar	0.423984	-7.52393	-3.88213	-7.67004	-3.93992	-2.98953	-4.13012
1477010457600000	-7.81592	-4.21949	5.21114	4.10614	-0.192347	lidar	0.53626	-7.88049	-4.29783	-7.82094	-4.14538	-3.04381	-4.08479
1477010457650000	-7.96596	-4.43959	5.21616	4.09914	-0.187617	radar	0.408911	-8.08524	-4.57834	-7.97457	-4.34854	-3.09857	-4.03778
1477010457700000	-8.12774	-4.67752	5.25243	4.09376	-0.181607	lidar	1.25044	-8.22492	-4.79812	-8.13095	-4.5493	-3.15376	-3.98906
1477010457750000	-8.26553	-4.88534	5.19667	4.0967	-0.154569	radar	2.67507	-8.453	-4.95621	-8.2901	-4.74759	-3.2093	-3.93862
1477010457800000	-8.39915	-5.10489	5.19511	4.09724	-0.144082	lidar	0.228389	-8.33552	-5.1059	-8.45204	-4.94331	-3.26514	-3.88641
1477010457850000	-8.54425	-5.27761	5.11676	4.08649	-0.140504	radar	4.24425	-8.55062	-4.79248	-8.61678	-5.13637	-3.32121	-3.83242
1477010457900000	-8.73723	-5.47464	5.13367	4.06193	-0.162451	lidar	1.80099	-8.91477	-5.51752	-8.78433	-5.32669	-3.37745	-3.77663
1477010457950000	-8.89495	-5.67415	5.11905	4.05398	-0.159507	radar	0.406823	-9.04115	-5.69364	-8.95469	-5.51417	-3.43377	-3.71901
1477010458000000	-9.05429	-5.85983	5.10336	4.04034	-0.166964	lidar	0.202108	-9.03391	-5.80267	-9.12788	-5.69872	-3.49012	-3.65955
1477010458050000	-9.1918	-6.02191	5.01757	4.03304	-0.159665	radar	6.60599	-8.86897	-5.41973	-9.30388	-5.88026	-3.54643	-3.59823
1477010458100000	-9.37442	-6.12503	4.93806	3.98799	-0.20787	lidar	5.38061	-9.30811	-5.82368	-9.4827	-6.05868	-3.60261	-3.53503
1477010458150000	-9.54875	-6.30888	4.93999	3.97472	-0.210518	radar	0.901983	-9.80646	-6.41174	-9.66432	-6.23389	-3.6586	-3.46994
1477010458200000	-9.69051	-6.51527	4.94742	3.98085	-0.189399	lidar	0.396193	-9.62547	-6.55958	-9.84874	-6.4058	-3.71431	-3.40295
1477010458250000	-9.9123	-6.67446	4.98788	3.9413	-0.231074	radar	6.93554	-10.6688	-6.35543	-10.0359	-6.57431	-3.76969	-3.33404
1477010458300000	-10.1177	-6.83528	4.99408	3.91356	-0.251281	lidar	0.655736	-10.2246	-6.83402	-10.2259	-6.73933	-3.82463	-3.26321
1477010458350000	-10.3022	-6.99721	4.99995	3.89458	-0.26103	radar	1.04969	-10.2205	-6.71044	-10.4186	-6.90075	-3.87907	-3.19046
1477010458400000	-10.5327	-7.17312	5.04305	3.8678	-0.277326	lidar	3.46783	-10.7616	-7.29159	-10.614	-7.05849	-3.93293	-3.11577
1477010458450000	-10.7386	-7.31458	5.04168	3.83927	-0.296738	radar	1.94641	-10.8944	-6.83335	-10.8121	-7.21245	-3.98613	-3.03916
1477010458500000	-10.9852	-7.47223	5.08282	3.80624	-0.318538	lidar	3.45479	-11.2219	-7.56979	-11.0128	-7.36252	-4.03859	-2.96062
1477010458550000	-11.1748	-7.6122	5.04508	3.7889	-0.320101	radar	1.29805	-10.986	-7.3707	-11.2161	-7.50862	-4.09021	-2.88015
1477010458600000	-11.325	-7.76721	5.00362	3.79106	-0.298439	lidar	3.25571	-11.0934	-7.6776	-11.422	-7.65064	-4.14093	-2.79777
1477010458650000	-11.5215	-7.89373	4.97252	3.76874	-0.307862	radar	1.87517	-11.4213	-7.46085	-11.6304	-7.78849	-4.19066	-2.71349
1477010458700000	-11.7033	-7.99806	4.92185	3.74445	-0.320133	lidar	3.2399	-11.5269	-7.8215	-11.8413	-7.92208	-4.23932	-2.6273
1477010458750000	-11.8987	-8.11052	4.85519	3.72112	-0.329339	radar	2.00279	-11.9422	-7.88317	-12.0546	-8.05131	-4.28682	-2.53924
1477010458800000	-12.1148	-8.20043	4.83577	3.68492	-0.354244	lidar	0.777705	-12.09	-8.08828	-12.2702	-8.17609	-4.33309	-2.44932
1477010458850000	-12.3402	-8.32712	4.89938	3.66479	-0.355828	radar	2.58789	-12.4462	-8.02117	-12.4881	-8.29633	-4.37802	-2.35756
1477010458900000	-12.5445	-8.40748	4.8628	3.63334	-0.373586	lidar	1.93147	-12.4231	-8.2599	-12.7082	-8.41193	-4.42156	-2.26399
1477010458950000	-12.7527	-8.49207	4.8046	3.60332	-0.389965	radar	1.80587	-12.7461	-8.19449	-12.9304	-8.5228	-4.4636	-2.16863
1477010459000000	-13.0288	-8.58006	4.85666	3.56072	-0.41701	lidar	3.90634	-13.2911	-8.64594	-13.1547	-8.62886	-4.50407	-2.07151
1477010459050000	-13.2766	-8.67906	4.90768	3.53639	-0.418362	radar	2.71586	-13.7929	-8.47158	-13.381	-8.73002	-4.54289	-1.97267
1477010459100000	-13.4983	-8.7258	4.8763	3.49755	-0.44124	lidar	1.90765	-13.384	-8.57583	-13.6092	-8.82619	-4.57997	-1.87214
1477010459150000	-13.7179	-8.76391	4.80404	3.4539	-0.473991	radar	3.77113	-13.6376	-8.26344	-13.8392	-8.91729	-4.61524	-1.76997
1477010459200000	-13.9421	-8.87648	4.81879	3.44959	-0.44985	lidar	0.931938	-13.9959	-8.99264	-14.0709	-9.00324	-4.64861	-1.6662
1477010459250000	-14.1913	-8.96797	4.8939	3.43852	-0.427835	radar	2.94055	-14.4737	-8.79552	-14.3043	-9.08395	-4.68001	-1.56086
1477010459300000	-14.4128	-9.08121	4.89715	3.4396	-0.400419	lidar	0.712687	-14.4273	-9.1875	-14.5391	-9.15936	-4.70936	-1.45402
1477010459350000	-14.6426	-9.15132	4.88225	3.41944	-0.402381	radar	0.260335	-14.5757	-9.32634	-14.7754	-9.22939	-4.73658	-1.34573
1477010459400000	-14.9267	-9.14843	4.91661	3.35962	-0.449554	lidar	1.90629	-15.062	-9.04396	-15.013	-9.29397	-4.76161	-1.23603
1477010459450000	-15.184	-9.22199	4.94914	3.34555	-0.43752	radar	4.5486	-15.6189	-9.69365	-15.2517	-9.35302	-4.78436	-1.125
1477010459500000	-15.4457	-9.33931	4.99233	3.35233	-0.401709	lidar	5.41502	-15.6682	-9.56749	-15.4916	-9.40649	-4.80476	-1.01269
1477010459550000	-15.6902	-9.36727	4.95388	3.31616	-0.429067	radar	2.01012	-15.9382	-9.35751	-15.7324	-9.45431	-4.82275	-0.899159
1477010459600000	-15.946	-9.45352	4.97883	3.31398	-0.405176	lidar	2.17365	-16.0862	-9.59819	-15.9741	-9.49642	-4.83827	-0.784484
1477010459650000	-16.1983	-9.46137	4.962	3.27402	-0.433937	radar	2.2807	-16.6033	-8.85459	-16.2164	-9.53277	-4.85124	-0.668734
1477010459700000	-16.4498	-9.45566	4.96303	3.23525	-0.454418	lidar	0.48466	-16.4229	-9.37029	-16.4594	-9.5633	-4.8616	-0.55198
1477010459750000	-16.6705	-9.45298	4.91158	3.2012	-0.474111	radar	5.18294	-16.011	-9.33486	-16.7027	-9.58797	-4.8693	-0.434301
1477010459800000	-16.952	-9.43959	4.95512	3.1621	-0.491236	lidar	1.43129	-17.1132	-9.43043	-16.9464	-9.60673	-4.87427	-0.315773
1477010459850000	-17.2031	-9.50032	4.97941	3.16914	-0.446794	radar	7.91833	-16.9255	-10.8571	-17.1903	-9.61954	-4.87646	-0.196479
1477010459900000	-17.4626	-9.51953	4.99364	3.15283	-0.439239	lidar	0.513773	-17.5448	-9.57485	-17.4342	-9.62636	-4.87583	-0.0765024
1477010459950000	-17.7205	-9.50805	4.99056	3.12082	-0.456432	radar	1.69547	-18.1371	-9.39146	-17.6781	-9.62717	-4.87232	0.0440703
1477010460000000	-17.9749	-9.47609	4.9984	3.08682	-0.469451	lidar	0.18121	-17.9724	-9.42299	-17.9216	-9.62194	-4.86588	0.165151
1477010460050000	-18.2199	-9.43672	4.97896	3.04773	-0.495477	radar	0.707078	-18.3083	-9.18778	-18.1648	-9.61064	-4.85648	0.286648
1477010460100000	-18.424	-9.48272	4.91623	3.05754	-0.456601	lidar	2.38292	-18.2763	-9.60997	-18.4074	-9.59325	-4.84408	0.40847
1477010460150000	-18.6606	-9.46982	4.91774	3.04429	-0.439465	radar	1.6893	-18.2443	-9.58547	-18.6493	-9.56977	-4.82864	0.530522
1477010460200000	-18.9087	-9.4624	4.91965	3.03088	-0.429341	lidar	0.2718	-18.9545	-9.51544	-18.8904	-9.54017	-4.81012	0.652707
1477010460250000	-19.1392	-9.42392	4.9139	3.0092	-0.425253	radar	3.95576	-18.6983	-9.02886	-19.1305	-9.50447	-4.78851	0.774927
1477010460300000	-19.3839	-9.30495	4.93437	2.95032	-0.468863	lidar	2.97912	-19.2983	-9.09865	-19.3694	-9.46265	-4.76378	0.897083
1477010460350000	-19.6181	-9.22743	4.91725	2.90785	-0.50032	radar	1.13291	-19.7037	-8.79906	-19.6069	-9.41472	-4.73591	1.01907
1477010460400000	-19.8684	-9.10531	4.95059	2.85545	-0.531294	lidar	1.27868	-19.8731	-8.96417	-19.8431	-9.36071	-4.70487	1.1408
1477010460450000	-20.1056	-9.00403	4.96296	2.8174	-0.543	radar	4.93627	-20.3815	-7.6755	-20.0775	-9.30061	-4.67066	1.26215
1477010460500000	-20.284	-9.12962	4.81645	2.87807	-0.446623	lidar	14.9859	-20.1607	-9.59663	-20.3102	-9.23446	-4.63328	1.38303
1477010460550000	-20.5231	-9.08706	4.82316	2.86895	-0.427219	radar	1.54056	-20.4587	-9.7448	-20.5409	-9.16227	-4.59271	1.50334
1477010460600000	-20.7437	-8.99239	4.82146	2.83526	-0.441492	lidar	0.711943	-20.6596	-8.91527	-20.7696	-9.08409	-4.54895	1.62296
1477010460650000	-20.9854	-8.91085	4.83544	2.80886	-0.449427	radar	2.41612	-21.5568	-8.5005	-20.9959	-8.99994	-4.50202	1.74179
1477010460700000	-21.1824	-8.84248	4.79216	2.78987	-0.446598	lidar	1.40636	-21.0195	-8.85081	-21.2198	-8.90987	-4.45191	1.85972
1477010460750000	-21.4156	-8.75355	4.79841	2.76274	-0.457283	radar	1.89382	-21.8628	-8.64129	-21.4412	-8.81393	-4.39865	1.97666
1477010460800000	-21.61	-8.72795	4.73154	2.76528	-0.429915	lidar	1.98049	-21.5029	-8.87191	-21.6597	-8.71217	-4.34224	2.0925
1477010460850000	-21.8024	-8.58101	4.7008	2.70039	-0.503084	radar	6.64372	-21.9514	-7.41274	-21.8754	-8.60465	-4.2827	2.20712
1477010460900000	-22.0056	-8.50598	4.67559	2.68616	-0.491247	lidar	0.307703	-21.9793	-8.57089	-22.0881	-8.49143	-4.22007	2.32043
1477010460950000	-22.2151	-8.39751	4.68835	2.66663	-0.47667	radar	1.93867	-22.1914	-7.70392	-22.2975	-8.37258	-4.15437	2.43232
1477010461000000	-22.4446	-8.30237	4.70581	2.65157	-0.466234	lidar	1.14697	-22.5838	-8.35296	-22.5035	-8.24817	-4.08564	2.5427
1477010461050000	-22.6367	-8.18355	4.68639	2.61936	-0.48334	radar	0.96557	-22.3177	-8.57758	-22.7061	-8.11829	-4.01391	2.65145
1477010461100000	-22.8691	-7.94946	4.7992	2.55328	-0.527454	lidar	5.59475	-22.9861	-7.6724	-22.9049	-7.98301	-3.93923	2.75848
1477010461150000	-23.06	-7.79842	4.7859	2.50484	-0.573448	radar	3.53988	-23.2693	-8.32031	-23.1	-7.84243	-3.86163	2.8637
1477010461200000	-23.2857	-7.6248	4.84669	2.47095	-0.577212	lidar	2.17324	-23.4777	-7.56583	-23.2911	-7.69663	-3.78118	2.967
1477010461250000	-23.4854	-7.48637	4.85999	2.46258	-0.536064	radar	1.75595	-23.473	-7.02103	-23.4781	-7.54572	-3.69792	3.06828
1477010461300000	-23.6521	-7.3413	4.83037	2.43571	-0.537241	lidar	0.675316	-23.5408	-7.36069	-23.6609	-7.3898	-3.61191	3.16746
1477010461350000	-23.8427	-7.18233	4.84406	2.41512	-0.523413	radar	0.916147	-24.0505	-6.56968	-23.8393	-7.22897	-3.52321	3.26445
1477010461400000	-24.006	-7.08569	4.77031	2.40898	-0.504293	lidar	2.14703	-23.9384	-7.26171	-24.0132	-7.06336	-3.43189	3.35916
1477010461450000	-24.1734	-6.90337	4.77667	2.3703	-0.525771	radar	1.95761	-24.3577	-5.94086	-24.1825	-6.89307	-3.33801	3.45149
1477010461500000	-24.3324	-6.65541	4.83995	2.31534	-0.554857	lidar	3.21431	-24.2574	-6.4352	-24.347	-6.71823	-3.24166	3.54138
1477010461550000	-24.4996	-6.47891	4.83732	2.28256	-0.571771	radar	3.47884	-24.788	-7.18367	-24.5066	-6.53896	-3.14289	3.62873
1477010461600000	-24.6003	-6.3342	4.74621	2.2539	-0.575245	lidar	5.37877	-24.3008	-6.43799	-24.6612	-6.35538	-3.0418	3.71347
1477010461650000	-24.7412	-6.14447	4.7444	2.22266	-0.577795	radar	0.311127	-24.6108	-6.00878	-24.8107	-6.16764	-2.93846	3.79553
1477010461700000	-24.9223	-5.94343	4.79111	2.20083	-0.568372	lidar	2.66031	-25.146	-5.91902	-24.955	-5.97587	-2.83295	3.87484
1477010461750000	-25.053	-5.73898	4.79538	2.1703	-0.566771	radar	1.85803	-24.8975	-5.02285	-25.094	-5.7802	-2.72537	3.95132
1477010461800000	-25.1862	-5.56587	4.76737	2.14956	-0.559672	lidar	0.364591	-25.1941	-5.64372	-25.2276	-5.58079	-2.61581	4.02492
1477010461850000	-25.3396	-5.38065	4.77521	2.1438	-0.518962	radar	1.32553	-25.5328	-5.4399	-25.3556	-5.37777	-2.50435	4.09557
1477010461900000	-25.4825	-5.15897	4.81002	2.11738	-0.518193	lidar	0.605612	-25.5713	-5.10241	-25.4779	-5.1713	-2.39109	4.16322
1477010461950000	-25.6146	-4.98056	4.79009	2.11434	-0.474478	radar	6.38148	-25.0178	-6.55904	-25.5946	-4.96152	-2.27613	4.22781
1477010462000000	-25.7294	-4.80582	4.74869	2.0964	-0.46965	lidar	0.587839	-25.6952	-4.89995	-25.7055	-4.7486	-2.15956	4.2893
1477010462050000	-25.8502	-4.60024	4.75227	2.0784	-0.457499	radar	0.215224	-25.8162	-4.40681	-25.8105	-4.53268	-2.04149	4.34764
1477010462100000	-25.9615	-4.36024	4.788	2.04782	-0.464714	lidar	0.524594	-25.9516	-4.26659	-25.9096	-4.31392	-1.92202	4.40279
1477010462150000	-26.0703	-4.13966	4.79026	2.00355	-0.518545	radar	11.1055	-26.8953	-4.43966	-26.0027	-4.0925	-1.80125	4.45471
1477010462200000	-26.1602	-3.86051	4.85888	1.96223	-0.533117	lidar	2.07255	-26.1198	-3.67723	-26.0897	-3.86856	-1.67928	4.50337
1477010462250000	-26.234	-3.624	4.85963	1.91053	-0.587982	radar	3.53587	-26.5652	-3.85723	-26.1706	-3.64227	-1.55623	4.54875
1477010462300000	-26.2625	-3.35734	4.87633	1.85851	-0.611517	lidar	4.41984	-25.9974	-3.24722	-26.2453	-3.41381	-1.4322	4.59081
1477010462350000	-26.3121	-3.11387	4.8792	1.81269	-0.64112	radar	0.495985	-26.2976	-3.01078	-26.3138	-3.18332	-1.30729	4.62954
1477010462400000	-26.3366	-2.87646	4.86347	1.77081	-0.65209	lidar	1.39056	-26.1741	-2.87885	-26.376	-2.95098	-1.18162	4.66493
1477010462450000	-26.395	-2.64966	4.8535	1.7488	-0.634745	radar	1.41854	-26.4681	-3.44967	-26.4319	-2.71697	-1.05529	4.69696
1477010462500000	-26.4723	-2.48868	4.76748	1.74042	-0.613984	lidar	5.79576	-26.674	-2.73852	-26.4815	-2.48143	-0.928411	4.72562
1477010462550000	-26.5278	-2.25346	4.77333	1.72434	-0.5852	radar	1.01112	-26.657	-1.72382	-26.5247	-2.24456	-0.80109	4.75091
1477010462600000	-26.578	-2.0542	4.73047	1.70512	-0.576466	lidar	1.26519	-26.6691	-2.17333	-26.5616	-2.0065	-0.673434	4.77284
1477010462650000	-26.6092	-1.81729	4.73261	1.68601	-0.551613	radar	1.99665	-26.3248	-1.32261	-26.5921	-1.76744	-0.545553	4.79141
1477010462700000	-26.6069	-1.57006	4.74054	1.64812	-0.562166	lidar	1.11539	-26.4671	-1.53207	-26.6161	-1.52753	-0.417552	4.80664
1477010462750000	-26.604	-1.33863	4.73119	1.60564	-0.59134	radar	1.68827	-26.4998	-2.19526	-26.6338	-1.28695	-0.289538	4.81852
1477010462800000	-26.6073	-1.11173	4.71791	1.57624	-0.591654	lidar	0.0588734	-26.5998	-1.14277	-26.6451	-1.04586	-0.161616	4.8271
1477010462850000	-26.6367	-0.885599	4.71019	1.56147	-0.571758	radar	5.17324	-27.2008	-1.67679	-26.65	-0.804425	-0.0338883	4.83238
1477010462900000	-26.6476	-0.637604	4.73067	1.53824	-0.565365	lidar	0.510368	-26.7355	-0.59539	-26.6485	-0.562811	0.0935412	4.83439
1477010462950000	-26.6348	-0.396311	4.74167	1.49996	-0.59055	radar	2.2376	-26.9891	0.0351487	-26.6406	-0.321181	0.220572	4.83317
1477010463000000	-26.5892	-0.108692	4.81026	1.45988	-0.599247	lidar	2.60309	-26.4553	0.0602653	-26.6264	-0.0796947	0.347104	4.82874
1477010463050000	-26.5696	0.156747	4.84807	1.43018	-0.60293	radar	1.95267	-26.9537	0.136943	-26.6059	0.161489	0.473041	4.82116
1477010463100000	-26.5463	0.416437	4.88168	1.40542	-0.596095	lidar	1.56319	-26.6201	0.57588	-26.5792	0.402213	0.598287	4.81045
1477010463150000	-26.5342	0.656045	4.87449	1.39707	-0.557419	radar	1.7841	-26.8241	0.381506	-26.5462	0.642323	0.722748	4.79667
1477010463200000	-26.5275	0.918631	4.91271	1.38405	-0.54061	lidar	3.2023	-26.7293	1.06082	-26.5069	0.881666	0.846334	4.77986
1477010463250000	-26.4903	1.16912	4.91914	1.3776	-0.492298	radar	7.23982	-25.9562	2.60409	-26.4616	1.12009	0.968955	4.76007
1477010463300000	-26.4336	1.41157	4.92294	1.35075	-0.494506	lidar	0.0702979	-26.3986	1.42212	-26.4101	1.35745	1.09053	4.73737
1477010463350000	-26.3945	1.6382	4.89439	1.33871	-0.469901	radar	8.18083	-26.5072	-0.563928	-26.3526	1.59361	1.21096	4.71181
1477010463400000	-26.339	1.86057	4.86898	1.31545	-0.470299	lidar	0.268732	-26.3594	1.79315	-26.2891	1.82841	1.33018	4.68345
1477010463450000	-26.2709	2.09233	4.86726	1.28694	-0.481281	radar	0.233195	-26.3475	1.82827	-26.2197	2.06173	1.44811	4.65235
1477010463500000	-26.2077	2.29683	4.82078	1.26331	-0.481879	lidar	0.792747	-26.2502	2.18481	-26.1444	2.29342	1.56467	4.61859
1477010463550000	-26.1449	2.5261	4.81184	1.25278	-0.452731	radar	0.779726	-26.069	2.27896	-26.0633	2.52336	1.67979	4.58223
1477010463600000	-26.0667	2.76513	4.82949	1.23105	-0.451395	lidar	0.0997138	-26.0641	2.80701	-25.9765	2.75141	1.79339	4.54334
1477010463650000	-25.9716	2.98764	4.83783	1.18908	-0.49628	radar	2.90918	-26.3234	3.02388	-25.8841	2.97746	1.90543	4.502
1477010463700000	-25.8714	3.25804	4.90908	1.16679	-0.492114	lidar	1.57899	-25.8345	3.42005	-25.7861	3.20139	2.01582	4.45828
1477010463750000	-25.7885	3.48714	4.9112	1.14728	-0.488516	radar	2.14135	-26.1824	3.73376	-25.6826	3.42306	2.12452	4.41227
1477010463800000	-25.6823	3.69243	4.88801	1.11984	-0.492217	lidar	0.20277	-25.6666	3.63509	-25.5737	3.64239	2.23146	4.36404
1477010463850000	-25.5654	3.9011	4.87965	1.08886	-0.503223	radar	1.12892	-25.5773	3.13316	-25.4596	3.85924	2.3366	4.31367
1477010463900000	-25.4974	4.08714	4.821	1.07565	-0.492072	lidar	3.80369	-25.7492	3.99968	-25.3402	4.07353	2.43989	4.26125
1477010463950000	-25.374	4.29043	4.81538	1.04651	-0.499235	radar	0.613241	-25.3516	3.75691	-25.2157	4.28514	2.54127	4.20686
1477010464000000	-25.2148	4.50574	4.84344	1.01093	-0.509756	lidar	2.00307	-25.0214	4.52803	-25.0863	4.49399	2.64071	4.15058
1477010464050000	-25.0643	4.70303	4.83542	0.987076	-0.49319	radar	8.95001	-24.2719	4.30917	-24.9518	4.69998	2.73817	4.09251
1477010464100000	-24.9456	4.89806	4.82034	0.967044	-0.488697	lidar	0.444235	-25.0363	4.88499	-24.8126	4.90303	2.83361	4.03273
1477010464150000	-24.7895	5.0895	4.8219	0.937219	-0.492667	radar	2.30826	-24.3609	4.95947	-24.6686	5.10304	2.92701	3.97132
1477010464200000	-24.6222	5.29995	4.85705	0.908984	-0.495474	lidar	0.903798	-24.5041	5.35293	-24.5201	5.29995	3.01833	3.90839
1477010464250000	-24.4503	5.47768	4.86676	0.865315	-0.532036	radar	0.938242	-24.4379	5.24592	-24.367	5.49367	3.10754	3.84401
1477010464300000	-24.2635	5.65002	4.8706	0.828198	-0.543152	lidar	1.22778	-24.1159	5.61152	-24.2095	5.68414	3.19464	3.77827
1477010464350000	-24.0975	5.81245	4.86101	0.791986	-0.563234	radar	3.20349	-24.5638	4.75836	-24.0477	5.8713	3.27959	3.71127
1477010464400000	-23.9234	5.9734	4.85065	0.761236	-0.566379	lidar	0.0548773	-23.9153	5.94377	-23.8818	6.05508	3.36239	3.64309
1477010464450000	-23.7791	6.16154	4.8183	0.77093	-0.489109	radar	4.76849	-23.5491	6.44495	-23.7117	6.23542	3.44302	3.57383
1477010464500000	-23.6113	6.31788	4.8027	0.74601	-0.490184	lidar	0.110885	-23.6471	6.29102	-23.5377	6.41227	3.52148	3.50357
1477010464550000	-23.4619	6.49434	4.7837	0.743396	-0.45126	radar	1.8503	-23.7544	6.53746	-23.3598	6.58559	3.59775	3.4324
1477010464600000	-23.2401	6.70871	4.87807	0.723734	-0.444929	lidar	4.22012	-23.0099	6.86182	-23.1781	6.75533	3.67185	3.36041
1477010464650000	-23.0444	6.85187	4.86281	0.69855	-0.440913	radar	5.55148	-22.7862	5.74143	-22.9928	6.92146	3.74376	3.28768
1477010464700000	-22.8319	7.02218	4.90048	0.674581	-0.441855	lidar	1.03311	-22.6991	7.063	-22.804	7.08393	3.8135	3.21431
1477010464750000	-22.62	7.15675	4.90673	0.638247	-0.464531	radar	1.52987	-22.418	6.76159	-22.6117	7.24273	3.88106	3.14038
1477010464800000	-22.4346	7.30319	4.89793	0.619076	-0.460419	lidar	0.292111	-22.5083	7.31524	-22.4161	7.39782	3.94647	3.06598
1477010464850000	-22.2064	7.42703	4.93277	0.569021	-0.514177	radar	2.58617	-22.0543	7.85452	-22.2173	7.54917	4.00974	2.99118
1477010464900000	-22.0254	7.58956	4.93855	0.560038	-0.49596	lidar	2.12985	-22.1947	7.69478	-22.0154	7.69679	4.07087	2.91607
1477010464950000	-21.8416	7.75964	4.92938	0.56773	-0.439377	radar	5.78803	-21.6178	9.0351	-21.8105	7.84064	4.12989	2.84074
1477010465000000	-21.634	7.90262	4.94005	0.550232	-0.434207	lidar	0.0919525	-21.6473	7.94	-21.6026	7.98072	4.18681	2.76526
1477010465050000	-21.4428	8.03851	4.92027	0.540641	-0.413894	radar	1.63476	-21.8637	7.78661	-21.392	8.11703	4.24166	2.68971
1477010465100000	-21.2146	8.07946	4.86051	0.488693	-0.44941	lidar	4.46914	-21.0853	7.83229	-21.1787	8.24957	4.29447	2.61417
1477010465150000	-21.0226	8.23654	4.84083	0.504979	-0.377275	radar	6.40218	-20.5503	9.28616	-20.9628	8.37833	4.34526	2.53871
1477010465200000	-20.8439	8.38815	4.83792	0.505493	-0.356095	lidar	3.09339	-21.0519	8.50983	-20.7444	8.50333	4.39406	2.46341
1477010465250000	-20.6034	8.49737	4.87813	0.470718	-0.388905	radar	4.37763	-19.9265	9.40847	-20.5237	8.62457	4.4409	2.38835
1477010465300000	-20.3562	8.63171	4.93009	0.454908	-0.383824	lidar	1.35134	-20.21	8.68914	-20.3006	8.74206	4.48582	2.31358
1477010465350000	-20.1568	8.76517	4.90373	0.463089	-0.332828	radar	1.84639	-20.2277	8.8532	-20.0753	8.85583	4.52884	2.23919
1477010465400000	-19.9566	8.86822	4.87887	0.448315	-0.331262	lidar	0.599979	-20.0633	8.86724	-19.848	8.96589	4.57001	2.16524
1477010465450000	-19.7558	8.99114	4.85249	0.453517	-0.289703	radar	1.44279	-19.9264	8.78179	-19.6186	9.07227	4.60937	2.09179
1477010465500000	-19.5327	9.06343	4.83202	0.42653	-0.303692	lidar	0.661641	-19.4861	8.96665	-19.3873	9.17499	4.64694	2.01891
1477010465550000	-19.2933	9.16988	4.86642	0.40708	-0.314309	radar	4.39964	-18.5719	10.2069	-19.1542	9.27409	4.68278	1.94666
1477010465600000	-19.01	9.25691	4.92634	0.378978	-0.326969	lidar	5.96455	-18.6786	9.19191	-18.9193	9.36959	4.71692	1.8751
1477010465650000	-18.7921	9.34179	4.91321	0.361253	-0.331128	radar	1.68474	-19.2825	8.98189	-18.6827	9.46154	4.7494	1.80429
1477010465700000	-18.5387	9.44196	4.95018	0.346908	-0.328114	lidar	0.750031	-18.4242	9.46852	-18.4446	9.54996	4.78028	1.73429
1477010465750000	-18.2742	9.47059	4.97851	0.28974	-0.397724	radar	5.87445	-18.1634	8.72444	-18.2049	9.63492	4.80959	1.66514
1477010465800000	-17.9871	9.59668	5.07269	0.285099	-0.379266	lidar	3.53705	-17.7736	9.72478	-17.9639	9.71643	4.83737	1.59691
1477010465850000	-17.7426	9.68762	5.0662	0.284994	-0.341731	radar	2.86207	-17.2296	9.97767	-17.7214	9.79457	4.86368	1.52964
1477010465900000	-17.4696	9.79515	5.12516	0.279126	-0.328167	lidar	1.34621	-17.3436	9.88109	-17.4777	9.86936	4.88856	1.46338
1477010465950000	-17.2226	9.8704	5.1322	0.263998	-0.328626	radar	0.47255	-17.1554	10.212	-17.2328	9.94087	4.91205	1.39818
1477010466000000	-16.9523	9.99377	5.19378	0.267723	-0.305263	lidar	1.65923	-16.8876	10.145	-16.9868	10.0091	4.93421	1.33408
1477010466050000	-16.6982	10.0594	5.19814	0.251164	-0.307408	radar	0.0748483	-16.5958	10.1078	-16.7396	10.0743	4.95507	1.27113
1477010466100000	-16.4499	10.1681	5.22011	0.253818	-0.287272	lidar	1.37317	-16.5153	10.3091	-16.4915	10.1362	4.97469	1.20937
1477010466150000	-16.1938	10.2347	5.23122	0.237253	-0.29438	radar	0.568544	-16.09	10.5824	-16.2424	10.1952	4.99311	1.14883
1477010466200000	-15.9551	10.2631	5.19492	0.211996	-0.306407	lidar	0.535712	-16.006	10.1843	-15.9924	10.2511	5.01039	1.08956
1477010466250000	-15.707	10.3292	5.18568	0.2069	-0.287866	radar	0.2716	-15.7234	10.41	-15.7416	10.3041	5.02655	1.03159
1477010466300000	-15.4811	10.3266	5.12318	0.174024	-0.309051	lidar	1.61284	-15.5699	10.1904	-15.4899	10.3543	5.04166	0.974957
1477010466350000	-15.1893	10.3462	5.18968	0.133064	-0.358572	radar	7.89301	-14.2385	10.9109	-15.2376	10.4016	5.05576	0.919692
1477010466400000	-14.9284	10.4021	5.20555	0.124104	-0.348356	lidar	0.293859	-14.9365	10.4722	-14.9846	10.4462	5.06889	0.865828
1477010466450000	-14.6823	10.4411	5.15793	0.127289	-0.299618	radar	6.52349	-14.724	9.63507	-14.7309	10.4882	5.0811	0.813394
1477010466500000	-14.4359	10.4092	5.11885	0.0881157	-0.327437	lidar	2.10158	-14.4088	10.222	-14.4766	10.5276	5.09243	0.762418
1477010466550000	-14.1752	10.4355	5.12274	0.076223	-0.318334	radar	0.592142	-13.9005	10.5238	-14.2218	10.5645	5.10293	0.712926
1477010466600000	-13.8749	10.5822	5.23014	0.110154	-0.259879	lidar	8.0387	-13.8049	10.9383	-13.9665	10.5989	5.11263	0.664944
1477010466650000	-13.6184	10.6465	5.21266	0.125934	-0.205911	radar	2.17061	-13.3956	10.7857	-13.7107	10.631	5.12159	0.618496
1477010466700000	-13.3658	10.6465	5.19343	0.10335	-0.220007	lidar	0.533956	-13.3556	10.5517	-13.4545	10.6608	5.12983	0.573603
1477010466750000	-13.1025	10.6727	5.20274	0.0912503	-0.223061	radar	0.21386	-12.9374	10.8137	-13.1979	10.6884	5.13741	0.530288
1477010466800000	-12.8472	10.7666	5.22342	0.108455	-0.191108	lidar	3.97862	-12.9591	11.0099	-12.9409	10.7138	5.14436	0.48857
1477010466850000	-12.5821	10.8186	5.23198	0.11275	-0.169033	radar	1.41364	-12.2518	11.2495	-12.6836	10.7373	5.15071	0.448467
1477010466900000	-12.3436	10.7869	5.18355	0.0814324	-0.194709	lidar	1.9396	-12.3713	10.6091	-12.426	10.7587	5.15651	0.409997
1477010466950000	-12.0851	10.8264	5.17775	0.0863188	-0.167535	radar	0.623551	-11.9352	10.9161	-12.1681	10.7783	5.16179	0.373177
1477010467000000	-11.8378	10.8899	5.17828	0.0945999	-0.149016	lidar	2.02523	-11.9451	11.0515	-11.91	10.7961	5.16658	0.338022
1477010467050000	-11.5615	10.9106	5.20214	0.085381	-0.151241	radar	2.65505	-10.9703	10.9676	-11.6516	10.8121	5.17092	0.304546
1477010467100000	-11.3299	10.9259	5.16451	0.0761174	-0.153184	lidar	0.852038	-11.4548	10.9407	-11.393	10.8265	5.17484	0.272761
1477010467150000	-11.0665	10.8567	5.19542	0.00349582	-0.273453	radar	9.76365	-11.3472	10.5111	-11.1342	10.8394	5.17836	0.242681
1477010467200000	-10.7779	10.8274	5.22512	-0.0215128	-0.285788	lidar	2.74281	-10.6009	10.6823	-10.8753	10.8509	5.18153	0.214317
1477010467250000	-10.5221	10.8239	5.21737	-0.0332335	-0.28135	radar	0.172781	-10.6563	10.8369	-10.6161	10.8609	5.18435	0.187679
1477010467300000	-10.287	10.819	5.18522	-0.0452231	-0.279373	lidar	1.01389	-10.4142	10.8747	-10.3569	10.8697	5.18687	0.162776
1477010467350000	-10.0358	10.8765	5.14508	-0.00824865	-0.185681	radar	6.676	-9.90413	11.2255	-10.0976	10.8772	5.1891	0.139618
1477010467400000	-9.77664	10.9217	5.1591	0.00153398	-0.163999	lidar	1.9972	-9.83445	11.1032	-9.83809	10.8837	5.19106	0.118212
1477010467450000	-9.54176	10.9052	5.12149	-0.0110499	-0.165848	radar	4.05763	-10.195	10.3498	-9.57852	10.8891	5.19278	0.0985664
1477010467500000	-9.28266	10.9295	5.13192	-0.00836823	-0.153534	lidar	0.646147	-9.3066	11.0348	-9.31887	10.8936	5.19428	0.0806865
1477010467550000	-9.03415	10.912	5.11146	-0.0174816	-0.148505	radar	2.69403	-9.2226	10.3527	-9.05915	10.8972	5.19557	0.0645787
1477010467600000	-8.77211	10.9412	5.12751	-0.011444	-0.133537	lidar	0.9515	-8.78899	11.0707	-8.79937	10.9001	5.19667	0.050248
1477010467650000	-8.52905	10.9005	5.10098	-0.0316729	-0.146982	radar	6.50594	-8.83914	10.0319	-8.53953	10.9023	5.19759	0.0376992
1477010467700000	-8.35426	10.825	4.98074	-0.0660186	-0.176811	lidar	5.83409	-8.62045	10.6577	-8.27965	10.9039	5.19835	0.0269359
1477010467750000	-8.10102	10.8395	4.97907	-0.0542413	-0.141272	radar	1.44142	-7.91543	11.1157	-8.01974	10.905	5.19896	0.0179617
1477010467800000	-7.77783	10.8782	5.08903	-0.0388736	-0.116061	lidar	4.77181	-7.51971	11.0005	-7.75979	10.9057	5.19942	0.0107791
1477010467850000	-7.51486	10.8798	5.08962	-0.0300309	-0.0848242	radar	2.05998	-7.25987	10.6458	-7.49981	10.9061	5.19975	0.00539029
1477010467900000	-7.24265	10.8654	5.11308	-0.0362332	-0.0870012	lidar	0.527545	-7.15631	10.815	-7.23983	10.9063	5.19994	0.00179692
1477010467950000	-7.0011	10.901	5.0804	-0.00694095	-0.0242875	radar	3.82319	-7.39396	11.0181	-6.97983	10.9064	5.2	-7.84874e-15
